
k=1



[[55.82386652761717, 0.86475, 10.79474961373491, 11.484499999999997], [55.82386652761717, 73.507499, 10.79474961373491, 2.93177], [55.82386652761717, 73.507499, 10.79474961373491, 2.93177], [55.82386652761717, 75.909706, 10.79474961373491, 2.582349999999991], [-21.488823, -37.109330039689254, 9.657939999999996, 5.928809492602129], [73.507499, 76.56710020290612, 2.93177, -18.03139801562437], [73.507499, 76.43824500981414, 2.93177, -7.438570484055019], [75.210882, 108.44261707541372, -3.095589999999987, -23.431627641258753], [0.86475, -21.488823, 11.484499999999997, 9.657939999999996], [75.909706, 75.210882, 2.582349999999991, -3.095589999999987], [55.82386652761717, 41.86187273034668, 10.79474961373491, 16.269637756524695], [55.82386652761717, 99.01127408637524, 10.79474961373491, 4.149709141889551]]

obj = 289.192

time = 1208.53


k=2

time= 1417.14 seconds

obj = 176.669

Optimal solution found (tolerance 1.00e-04)
Best objective 1.766692487587e+02, best bound 1.766640565218e+02, gap 0.0029%
[(2, 0, 1026, 0, 2, 0, -1, 0), (4, 0, 1081, 1, 4, 0, -4, 0), (4, 0, 1085, 0, 4, 0, -3, 0), (4, 0, 1086, 0, 4, 0, -6, 0), (1026, 0, -1, 0, 2, 0, -1, 0), (1087, 1, -3, 0, 4, 0, -3, 0), (1082, 1, -4, 0, 4, 0, -4, 0), (1087, 0, -6, 0, 4, 0, -6, 0), (1081, 1, 1082, 1, 4, 0, -4, 0), (1086, 0, 1087, 0, 4, 0, -6, 0), (1085, 0, 1087, 1, 4, 0, -3, 0), (2, 0, -2, 0, 2, 0, -2, 0), (4, 0, -5, 0, 4, 0, -5, 0)]
{(1, 0, 0): -47.1783705617345, (1, 0, 1): -14.934823811198696, (2, 0, 0): -5.304998785523842, (2, 0, 1): 11.589848382321685, (3, 0, 0): 53.751585432976945, (3, 0, 1): 11.29426779678046, (4, 0, 0): 106.21232011610789, (4, 0, 1): 3.3839152638482597, (5, 0, 0): 125.12073256492256, (5, 0, 1): -16.322439017721813, (-1, 0, 0): -37.10934078918, (-1, 0, 1): 5.928854606337976, (-2, 0, 0): 38.01410521589892, (-2, 0, 1): 16.76288849467061, (-3, 0, 0): 79.45696101480087, (-3, 0, 1): -19.2785638054959, (-4, 0, 0): 80.93424947185963, (-4, 0, 1): -9.375356106169644, (-5, 0, 0): 100.99511696694432, (-5, 0, 1): 3.9012973283744823, (-6, 0, 0): 111.03121290499232, (-6, 0, 1): -22.0001623540356}
[[-5.304998785523842, -21.488823, 11.589848382321685, 9.657939999999996], [106.21232011610789, 98.097352, 3.3839152638482597, 0.04911999999998784], [106.21232011610789, 101.1547, 3.3839152638482597, -0.343970000000013], [106.21232011610789, 111.375, 3.3839152638482597, -1.5669100000000071], [-21.488823, -37.10934078918, 9.657939999999996, 5.928854606337976], [100.80529, 79.45696101480087, -4.31853000000001, -19.2785638054959], [97.311177, 80.93424947185963, -5.89088000000001, -9.375356106169644], [111.20029, 111.03121290499232, -5.017349999999993, -22.0001623540356], [98.097352, 97.311177, 0.04911999999998784, -5.89088000000001], [111.375, 111.20029, -1.5669100000000071, -5.017349999999993], [101.1547, 100.80529, -0.343970000000013, -4.31853000000001], [-5.304998785523842, 38.01410521589892, 11.589848382321685, 16.76288849467061], [106.21232011610789, 100.99511696694432, 3.3839152638482597, 3.9012973283744823]]


k=3

time = 998.25 seconds

obj = 124.861

Optimal solution found (tolerance 1.00e-04)
Best objective 1.248606185780e+02, best bound 1.248590552629e+02, gap 0.0013%
[(4, 0, 1081, 1, 4, 0, -4, 0), (4, 0, 1085, 0, 4, 0, -3, 0), (4, 0, 1085, 1, 4, 0, -6, 0), (1087, 1, -3, 0, 4, 0, -3, 0), (1082, 1, -4, 0, 4, 0, -4, 0), (1087, 0, -6, 0, 4, 0, -6, 0), (1081, 1, 1082, 1, 4, 0, -4, 0), (1085, 1, 1087, 0, 4, 0, -6, 0), (1085, 0, 1087, 1, 4, 0, -3, 0), (1, 0, -1, 0, 1, 0, -1, 0), (3, 0, -2, 0, 3, 0, -2, 0), (4, 0, -5, 0, 4, 0, -5, 0)]
{(1, 0, 0): -46.628106787585075, (1, 0, 1): -10.156967772947752, (2, 0, 0): -5.232723948223726, (2, 0, 1): 12.059780553276589, (3, 0, 0): 53.09745026111163, (3, 0, 1): 12.031840254618302, (4, 0, 0): 106.21265307092915, (4, 0, 1): 3.383493441297011, (5, 0, 0): 125.00264109087234, (5, 0, 1): -16.89724879778102, (-1, 0, 0): -42.3923081178608, (-1, 0, 1): 1.2501365989733768, (-2, 0, 0): 41.86937579885768, (-2, 0, 1): 16.289061044896393, (-3, 0, 0): 79.47562814304835, (-3, 0, 1): -19.305519124369475, (-4, 0, 0): 80.93276375003987, (-4, 0, 1): -9.368417179042362, (-5, 0, 0): 100.9951362517053, (-5, 0, 1): 3.901622264794936, (-6, 0, 0): 111.03007918488154, (-6, 0, 1): -22.00015087015149}
[[106.21265307092915, 98.097352, 3.383493441297011, 0.04911999999998784], [106.21265307092915, 101.1547, 3.383493441297011, -0.343970000000013], [106.21265307092915, 111.375, 3.383493441297011, -1.5669100000000071], [100.80529, 79.47562814304835, -4.31853000000001, -19.305519124369475], [97.311177, 80.93276375003987, -5.89088000000001, -9.368417179042362], [111.20029, 111.03007918488154, -5.017349999999993, -22.00015087015149], [98.097352, 97.311177, 0.04911999999998784, -5.89088000000001], [111.375, 111.20029, -1.5669100000000071, -5.017349999999993], [101.1547, 100.80529, -0.343970000000013, -4.31853000000001], [-46.628106787585075, -42.3923081178608, -10.156967772947752, 1.2501365989733768], [53.09745026111163, 41.86937579885768, 12.031840254618302, 16.289061044896393], [106.21265307092915, 100.9951362517053, 3.383493441297011, 3.901622264794936]]


k=4

time = 427.47 seconds

obj = 110.001

Optimal solution found (tolerance 1.00e-04)
Warning: max constraint violation (6.2152e-06) exceeds tolerance
Best objective 1.100013654853e+02, best bound 1.100013654853e+02, gap 0.0000%
[(4, 0, 1082, 0, 4, 0, -4, 0), (4, 0, 1088, 1, 4, 0, -3, 0), (1087, 1, -3, 0, 4, 0, -3, 0), (1083, 0, -4, 0, 4, 0, -4, 0), (1082, 0, 1083, 0, 4, 0, -4, 0), (1088, 1, 1087, 1, 4, 0, -3, 0), (1, 0, -1, 0, 1, 0, -1, 0), (3, 0, -2, 0, 3, 0, -2, 0), (4, 0, -5, 0, 4, 0, -5, 0), (5, 0, -6, 0, 5, 0, -6, 0)]
{(1, 0, 0): -46.62698981785946, (1, 0, 1): -10.157383253308577, (2, 0, 0): -5.197446109846618, (2, 0, 1): 12.135992172444206, (3, 0, 0): 53.09824316067846, (3, 0, 1): 12.033924855418919, (4, 0, 0): 106.06252776358572, (4, 0, 1): 3.6519414430643757, (5, 0, 0): 125.21150583410517, (5, 0, 1): -17.895143497227775, (-1, 0, 0): -42.39264770949584, (-1, 0, 1): 1.2502624884458822, (-2, 0, 0): 41.87036521030888, (-2, 0, 1): 16.291668905240982, (-3, 0, 0): 79.45705407728401, (-3, 0, 1): -19.27869667238026, (-4, 0, 0): 80.93429164598149, (-4, 0, 1): -9.375554351410683, (-5, 0, 0): 100.99835484345239, (-5, 0, 1): 3.9426624853409162, (-6, 0, 0): 113.6836511827017, (-6, 0, 1): -23.659104030010038}
[[106.06252776358572, 98.097352, 3.6519414430643757, 0.04911999999998784], [106.06252776358572, 101.1547, 3.6519414430643757, -0.343970000000013], [100.80529, 79.45705407728401, -4.31853000000001, -19.27869667238026], [97.311177, 80.93429164598149, -5.89088000000001, -9.375554351410683], [98.097352, 97.311177, 0.04911999999998784, -5.89088000000001], [101.1547, 100.80529, -0.343970000000013, -4.31853000000001], [-46.62698981785946, -42.39264770949584, -10.157383253308577, 1.2502624884458822], [53.09824316067846, 41.87036521030888, 12.033924855418919, 16.291668905240982], [106.06252776358572, 100.99835484345239, 3.6519414430643757, 3.9426624853409162], [125.21150583410517, 113.6836511827017, -17.895143497227775, -23.659104030010038]]

